7222222222222222222222222222222222222222222222229
4                                               6
4                                               6
4                                               6
4                                               6
4                   22222222222        2222222226
4                   4                           6
4                   4                           6
4                   4                           6
4                   4                           6
2222222222222222222222222222222222222222222222222